M steps
0 0 0 0 0 0 0 0 0 0 0 0 0 0 0 0 0 0 0 0 0 0 0 0 0 0 0 0 0 0 0 0 0 0 0 0 0 0 0 0 0 0 0 0 0 0 0 0 0 0 0 0 0 0 0 0 0 0 0 0 0 0 0 0 0 0 0 0 0 0 0 0 0 0 0 0 0 0 0 0 0 0 0 0 0 0 0 0 0 0 0 0 0 0 0 0 0 0 0 0 0 
30 5 3 3 4 4 2 5 4 5 4 1 4 4 0 2 9 3 2 4 3 1 1 1 7 3 8 2 3 4 5 3 2 5 3 3 2 3 2 3 1 4 6 5 3 7 1 3 2 3 3 2 6 8 2 4 2 6 1 3 3 6 3 3 6 5 2 3 2 6 1 6 5 3 5 3 3 2 3 4 0 6 2 5 2 4 2 2 4 2 6 2 1 3 5 6 3 4 4 5 4 
60 6 11 5 6 4 6 10 7 9 7 9 7 9 9 10 6 7 11 7 7 6 9 3 9 6 13 7 4 2 6 6 8 10 15 11 8 10 6 7 9 5 9 6 3 8 7 5 10 7 10 10 7 6 13 5 8 10 11 9 9 2 11 4 12 8 3 7 10 5 7 5 4 4 3 8 7 6 8 8 9 7 7 8 12 8 4 7 4 13 10 12 0 6 4 6 10 9 10 13 3 
90 14 13 16 11 6 10 7 7 8 10 12 13 15 7 6 7 9 15 10 13 12 10 5 12 11 13 19 9 5 9 15 12 15 10 11 7 11 11 13 13 13 19 16 10 13 11 16 10 13 8 10 6 12 14 9 13 7 8 10 13 8 5 8 12 13 10 10 13 9 5 15 11 7 7 9 12 15 8 8 10 10 10 6 13 11 13 5 9 13 14 13 8 6 11 11 10 7 8 6 8 
120 13 12 14 17 12 13 12 16 15 11 21 16 15 24 15 12 13 19 15 12 20 19 13 9 13 17 14 17 15 12 13 18 18 18 18 15 21 12 12 15 20 15 14 12 15 15 15 8 14 25 11 8 12 18 15 24 19 12 17 33 17 11 18 16 16 17 11 12 10 10 7 14 16 17 9 15 17 10 11 17 10 11 13 9 12 15 19 18 13 13 12 14 11 16 17 10 11 14 15 12 
150 10 21 16 22 20 14 9 25 18 18 32 14 16 24 14 9 12 16 19 17 23 22 19 17 13 15 16 21 24 19 17 14 21 26 23 17 11 15 17 23 15 16 12 21 20 20 16 13 20 23 19 10 17 17 26 15 19 21 21 22 20 19 22 13 22 17 11 19 20 18 17 16 20 29 14 19 13 16 15 21 25 22 12 27 23 21 19 14 11 15 23 19 11 15 20 18 15 18 24 13 
180 19 16 20 20 27 25 20 18 20 24 29 31 28 27 27 31 29 27 20 18 31 22 31 15 21 24 28 25 24 28 24 25 23 24 20 19 29 20 23 22 19 17 28 19 17 17 19 24 25 22 25 19 19 13 12 28 15 20 23 19 18 17 18 28 25 22 14 22 20 25 15 17 17 34 20 24 22 9 22 19 18 18 23 15 20 24 19 19 27 21 25 20 20 21 13 24 21 22 24 29 
210 23 41 25 27 23 29 19 31 34 29 32 25 29 37 27 17 32 19 26 25 30 26 27 28 31 30 27 30 21 24 28 23 29 25 33 22 21 28 21 22 26 21 19 23 23 23 20 22 32 28 22 16 23 23 24 20 34 32 22 24 33 28 27 27 20 17 26 22 17 24 31 29 26 26 21 23 21 31 42 21 28 29 34 33 27 23 22 17 24 25 19 32 22 23 33 21 25 26 24 18 
240 25 33 27 36 27 32 22 37 21 27 23 31 28 24 30 36 24 28 31 28 28 24 21 35 32 24 26 29 30 30 25 27 30 24 26 28 33 29 25 30 27 34 24 25 26 29 31 24 31 27 27 26 29 32 33 31 28 25 31 24 28 35 34 27 25 30 30 27 25 34 33 41 23 38 30 29 27 35 41 27 32 22 33 53 32 36 26 32 29 24 29 34 31 41 25 29 28 35 25 30 
270 45 40 24 23 37 27 32 29 34 37 40 39 28 35 30 25 39 36 31 27 35 19 32 37 27 30 42 37 34 31 33 18 32 38 26 30 42 32 35 28 30 37 35 31 32 26 34 32 34 29 30 28 39 35 29 35 46 31 31 27 36 35 28 31 33 34 40 42 29 29 27 25 34 37 33 36 36 25 37 30 44 38 32 36 27 32 30 32 31 39 36 34 33 38 34 22 35 30 38 33 
300 44 36 33 33 38 44 24 37 40 38 38 44 42 31 26 51 44 37 41 44 37 43 35 40 45 37 45 25 28 34 34 41 42 31 35 33 23 24 43 34 30 24 40 35 41 30 38 41 30 49 51 45 43 35 37 41 35 38 34 34 40 40 41 28 30 38 38 31 35 40 39 27 38 46 47 38 33 36 43 40 34 36 41 36 25 41 44 43 39 40 33 39 33 29 28 39 35 48 48 36 
330 43 42 41 49 39 45 34 46 40 41 46 55 41 40 49 42 37 47 37 44 43 44 49 32 49 37 42 48 42 37 36 47 40 41 42 45 50 40 37 47 27 48 35 56 52 40 45 45 37 33 35 52 44 41 49 37 40 33 39 42 47 48 49 33 54 35 40 47 32 34 35 38 50 39 38 37 28 45 43 42 59 41 42 40 40 34 37 39 39 39 41 29 37 41 51 50 59 59 40 36 
360 45 58 44 50 44 38 39 49 46 67 49 44 51 47 53 47 62 41 36 38 50 41 47 38 53 45 55 50 39 46 50 48 35 50 41 36 53 36 40 34 33 43 43 37 40 57 63 32 63 52 49 39 39 41 48 76 48 38 42 55 40 62 29 49 52 44 52 53 77 38 45 42 44 51 39 43 39 62 44 38 51 41 44 41 49 52 53 41 48 44 52 55 47 48 55 45 47 43 55 37 
390 38 57 36 51 52 47 34 49 42 38 48 45 67 49 57 57 46 60 52 47 43 51 58 59 60 54 45 51 51 59 56 41 37 43 75 31 41 55 50 38 56 50 49 40 54 49 49 39 56 54 50 58 42 40 52 48 38 44 55 94 43 37 51 51 53 45 41 50 53 54 53 58 46 63 53 52 50 48 42 41 48 33 57 55 52 49 47 49 51 58 37 64 63 39 48 38 41 46 59 50 
420 43 53 60 57 61 42 52 41 56 53 52 41 49 53 40 49 70 54 48 45 37 53 45 50 71 41 60 48 52 41 75 40 62 59 40 54 46 55 61 55 49 51 43 47 68 43 50 52 49 48 56 54 49 48 57 37 59 58 62 44 52 58 55 58 49 62 59 49 59 54 69 45 40 64 61 47 52 42 49 52 68 64 54 48 33 53 53 49 53 65 46 71 40 47 54 45 54 40 64 59 
450 64 60 65 60 61 59 49 67 60 56 65 63 69 61 52 49 67 62 63 49 39 69 41 82 66 55 49 55 58 53 49 62 51 58 61 59 57 85 69 65 44 62 74 59 56 59 67 86 46 60 70 58 52 50 55 61 59 54 59 62 68 52 50 68 70 59 61 65 38 77 55 50 58 49 74 71 42 61 52 52 74 63 54 60 55 70 79 77 75 65 56 61 61 62 65 58 54 64 74 68 
480 96 63 48 56 63 72 51 71 74 58 68 59 47 73 70 52 49 67 72 87 64 61 55 69 72 65 69 77 50 88 90 54 61 48 59 82 65 71 60 42 59 65 76 46 67 60 63 72 67 72 61 70 104 77 64 80 62 66 51 61 70 53 63 64 66 67 57 55 92 70 63 74 72 63 64 69 55 76 40 99 62 70 71 68 56 71 67 67 59 67 74 54 55 64 55 58 67 82 68 69 
510 73 74 102 79 64 57 78 90 55 77 70 104 94 119 72 78 70 62 76 84 58 67 65 71 64 92 85 86 92 59 57 63 76 61 68 102 56 68 61 71 68 78 56 60 60 102 86 78 98 63 78 83 64 68 60 56 68 70 73 84 73 84 82 70 57 85 95 57 50 55 60 69 70 50 71 72 78 83 103 69 65 123 65 55 68 103 59 76 72 85 72 86 67 47 74 60 84 68 82 81 
540 75 86 179 64 86 85 94 63 64 63 90 61 65 64 69 72 77 69 62 78 81 74 71 89 80 61 85 65 80 61 61 131 81 81 86 83 53 79 75 50 69 81 97 75 72 63 70 84 73 109 62 64 129 53 67 54 69 77 67 98 77 77 94 83 75 79 91 96 76 98 158 82 66 73 92 67 55 67 62 79 62 86 69 66 69 80 51 81 83 60 53 84 67 85 84 88 70 87 80 64 
570 97 90 97 86 95 82 72 110 93 81 75 79 79 92 70 74 68 110 72 63 87 77 88 95 86 77 79 71 89 94 82 86 80 79 76 101 67 97 92 106 73 77 93 110 85 89 86 73 93 83 63 82 74 72 92 86 96 90 88 74 87 119 74 73 101 75 67 80 103 82 65 105 72 78 92 67 65 85 115 66 94 73 93 102 132 104 89 86 89 98 108 102 83 99 93 112 84 72 111 85 
600 92 88 84 68 109 64 95 80 230 97 88 87 111 93 79 131 121 84 56 127 96 82 139 89 97 119 85 78 93 89 92 112 102 107 102 118 113 71 113 72 107 92 74 114 101 124 92 82 85 84 86 95 157 106 83 101 125 97 94 134 109 97 93 76 103 90 122 103 93 89 103 84 105 72 80 81 111 66 104 77 123 108 97 102 96 92 156 68 89 61 120 72 82 104 86 75 85 105 103 78 
630 103 105 126 87 88 97 101 101 89 86 103 111 226 76 128 102 75 101 117 126 96 111 105 89 96 114 148 104 94 76 111 117 65 105 92 82 77 79 84 80 115 105 90 89 105 82 72 76 78 91 101 121 99 104 162 99 114 91 85 103 88 115 117 78 105 125 91 78 79 106 101 104 110 94 128 124 77 107 133 128 100 98 135 98 77 91 106 91 103 117 97 106 103 91 85 165 83 93 95 119 
660 131 90 85 133 109 101 142 135 109 115 107 101 115 110 69 135 146 82 126 117 104 138 78 121 113 85 100 78 94 127 85 110 102 115 89 121 123 68 120 111 124 102 94 102 91 75 92 101 98 117 124 90 129 86 126 125 116 104 90 165 130 104 83 111 135 93 105 98 119 121 142 89 90 119 90 98 100 57 123 92 72 217 95 115 98 119 89 108 82 94 195 132 89 98 110 115 115 95 81 127 
690 141 110 108 129 110 157 125 143 166 115 131 134 127 117 129 152 120 123 120 104 144 98 130 138 145 126 159 134 121 142 124 113 117 133 106 92 173 120 135 90 141 104 208 122 170 135 134 102 111 190 107 91 100 74 177 107 106 230 177 185 141 108 99 140 83 155 97 116 97 119 73 128 89 125 103 138 113 135 156 249 148 120 140 104 157 141 116 198 162 110 79 142 99 103 84 197 118 153 145 112 
720 124 150 157 241 134 117 112 93 112 145 133 143 108 98 103 133 211 108 74 89 117 158 122 236 188 166 163 144 161 142 188 285 109 119 133 142 81 123 144 100 197 144 109 171 137 174 114 116 156 187 147 173 88 105 152 105 155 175 105 135 122 149 114 119 108 144 123 161 125 130 104 180 85 157 143 120 135 165 129 110 152 142 86 134 126 174 197 137 127 206 125 125 106 131 141 150 92 194 121 137 
750 117 121 123 185 165 180 135 158 168 123 164 186 142 184 202 396 157 132 142 161 306 116 153 143 202 142 149 156 113 119 142 252 163 132 177 117 150 111 134 175 122 135 204 173 99 242 167 176 159 138 120 86 153 142 134 154 118 221 153 151 164 128 210 142 149 126 145 118 159 230 149 180 189 120 218 230 141 120 184 136 154 127 175 167 119 215 220 129 138 138 101 295 131 148 275 204 155 239 186 116 
780 133 151 187 174 142 132 130 177 198 174 232 179 183 279 143 224 234 137 256 243 144 129 157 183 184 253 177 135 160 178 116 78 184 205 163 133 145 159 182 106 126 200 147 175 249 145 193 260 123 111 137 146 133 373 110 130 196 112 180 208 149 194 126 182 219 162 208 181 148 291 158 166 184 163 175 144 171 242 137 191 212 114 375 140 158 176 133 145 255 153 240 165 140 127 155 156 236 192 153 113 
810 138 131 129 141 212 199 195 327 183 275 183 130 154 145 247 231 157 167 119 347 214 308 212 185 220 177 301 193 170 149 115 325 161 212 218 157 196 234 204 174 176 222 178 212 153 274 172 236 218 454 120 137 100 188 256 301 316 216 164 228 186 379 219 150 165 258 312 204 234 183 165 216 217 120 181 186 247 124 167 182 218 217 171 211 137 362 161 233 133 301 362 185 146 235 143 214 256 207 203 254 
840 182 173 178 244 142 258 246 137 181 188 188 124 169 253 319 186 257 171 334 164 192 155 164 349 174 228 175 348 178 177 154 286 160 231 235 190 169 238 296 134 132 566 402 209 254 215 232 216 219 137 207 197 196 304 111 169 344 233 264 158 319 269 228 391 288 128 244 159 168 193 356 278 256 146 279 131 174 221 195 162 170 165 185 195 173 217 161 251 193 218 244 255 320 245 227 156 321 260 168 153 
870 200 265 369 384 204 381 204 330 204 226 280 149 375 115 213 136 289 132 305 296 345 227 329 285 308 421 457 168 149 195 185 207 325 287 173 179 143 275 181 236 299 166 346 221 667 232 127 288 477 229 382 239 192 424 177 360 220 248 201 207 307 507 167 262 179 143 309 360 402 194 219 274 308 245 513 447 182 181 390 282 374 327 320 322 181 327 179 174 223 260 440 249 142 375 236 308 159 243 252 249 
900 188 196 256 482 284 351 335 226 372 197 573 243 382 764 296 436 184 357 281 291 292 263 288 223 239 364 499 302 251 212 211 249 324 282 290 307 583 159 265 272 265 247 294 329 395 180 169 373 331 313 255 240 211 293 345 133 220 472 264 166 224 336 284 297 422 203 398 258 370 205 495 769 413 272 195 438 354 216 292 274 352 205 232 166 342 222 380 537 187 193 273 215 284 299 322 201 306 258 349 238 
930 291 877 387 239 262 374 470 463 219 392 522 243 191 491 406 222 574 396 387 501 604 187 576 276 438 341 328 203 270 312 375 414 200 735 836 276 367 475 231 237 392 564 447 348 410 531 367 292 258 526 231 404 390 762 743 162 580 236 323 208 610 376 391 1141 264 580 556 188 392 750 662 262 707 219 305 259 574 1092 394 424 299 654 499 162 406 427 343 249 850 341 278 562 415 283 291 241 441 290 306 437 
960 704 257 449 344 324 295 381 314 628 507 362 344 249 228 339 248 412 409 349 672 866 379 287 367 433 792 259 328 532 417 409 265 288 360 468 268 257 435 384 788 180 424 322 657 449 384 327 380 1429 483 290 221 278 289 248 781 194 332 560 201 392 547 480 192 1368 339 143 274 372 626 351 355 255 924 448 604 401 261 356 227 288 837 462 233 423 401 901 1315 310 404 548 454 226 357 279 256 698 466 386 499 
990 360 207 232 448 591 944 390 501 1380 823 680 1232 1315 507 368 468 292 1036 724 588 394 990 755 361 602 335 866 368 1071 500 934 313 381 633 713 369 891 530 466 506 363 626 725 564 1420 444 1128 1752 1039 895 464 378 1936 554 434 791 262 774 405 1093 657 350 519 547 563 254 864 691 570 419 1527 587 420 467 660 972 578 381 441 355 720 501 855 449 607 408 906 392 251 342 1123 382 246 305 268 359 699 304 287 513 
1020 578 1759 530 1597 384 451 1089 990 882 259 603 989 621 341 1049 227 378 1092 398 414 404 1455 453 300 396 719 1094 518 495 1029 674 483 1714 307 507 1055 748 1615 311 702 536 437 592 568 623 994 642 365 1364 841 496 442 780 334 870 723 455 772 395 1459 318 1032 695 1031 930 1614 318 1088 524 521 3028 563 915 951 399 1237 220 349 676 307 632 890 1412 299 464 465 419 501 539 345 869 418 326 697 540 365 1470 495 558 391 
1050 697 1591 845 409 917 305 490 1067 790 511 672 935 447 403 2934 509 464 1332 1090 1396 2965 457 957 1009 482 539 375 951 420 662 2670 836 1832 614 319 1082 699 718 407 734 957 1649 835 2901 375 1313 475 481 1325 395 438 1714 539 929 573 588 472 2324 725 1513 1276 880 629 751 542 2698 486 694 618 2945 294 680 3154 426 341 585 1700 1012 574 669 754 673 3386 1487 2951 412 661 1022 805 1472 1868 771 2872 399 527 758 1023 791 361 1133 
1080 794 1041 330 454 1742 1170 790 1665 514 992 1056 1125 429 346 2368 910 1124 911 535 657 1376 1593 2158 381 404 1395 1156 521 2343 3451 884 723 7472 1193 1252 1341 550 983 753 611 1171 626 1205 240 447 1601 1263 627 3551 1123 789 687 1792 2333 909 397 1624 5151 1168 1849 2169 1117 1520 711 2221 3073 514 989 471 759 1719 883 2208 521 2326 1077 876 1185 6473 1069 852 2151 1558 2818 2597 797 1184 360 1456 1099 553 537 1746 8385 4037 407 1524 515 607 3846 
1110 936 541 4253 2459 2776 2595 1119 1497 761 1394 2727 1959 855 1625 2362 882 1098 5114 1679 386 1777 1763 2892 8609 647 461 388 1792 1119 1223 1604 2925 1356 2977 291 1583 1206 1759 1017 1342 1957 1166 906 1661 1410 1090 2604 1066 4139 3345 756 3593 1024 2486 5361 1940 967 2065 7416 3606 2832 2461 4517 2537 2595 438 2232 5199 3104 1278 6472 3227 523 454 2188 1498 3526 2055 1706 828 1052 3273 1238 2045 2653 3120 635 5147 974 1887 800 1614 11397 1112 2078 1645 3197 382 1278 957 
1140 5984 1339 2483 14150 2335 2041 1529 4265 2535 3731 2181 1190 1038 745 885 29186 907 17461 950 2541 3178 10768 1504 1723 2737 2782 3594 2177 1018 994 1876 593 2132 553 1152 27818 3160 1724 3320 4180 24535 1265 3815 2692 2202 850 3844 14734 3550 10298 5911 507 1354 2195 1419 3224 2670 1287 30000 3866 13330 1766 10120 1722 1507 1578 3224 2649 6602 4036 5195 1278 686 30000 2049 4976 1233 845 2369 1644 1379 1841 5404 742 2982 1201 4205 2148 1534 860 30000 11373 2826 1776 1033 7960 1030 14740 3011 15402 
1170 3809 2392 2175 1393 30000 712 14026 1269 1663 9966 8262 2390 1078 30000 4045 3019 8599 1826 12468 5457 30000 18400 2038 9281 30000 28825 27336 13697 15184 10857 6474 23026 1587 13556 13519 3540 1916 3574 12430 8583 2638 15993 1234 824 8702 1260 1194 5643 700 1577 3094 2358 3459 3875 11981 984 3331 2492 23558 1475 2087 9435 4937 3690 3209 2368 1661 2320 11206 1570 850 4322 24860 1488 7468 6457 30000 1682 10745 7748 23221 7805 2199 6276 4455 2804 2824 1864 2099 5844 7072 1093 30000 6707 9223 3736 2956 4072 18855 3799 
1200 2144 6637 6572 1364 14432 3014 2633 6061 20976 30000 16588 12985 16251 19946 1445 3559 4480 17222 30000 4067 3105 3561 3702 30000 4789 2126 2354 1365 1600 3890 5108 19670 2988 1742 12498 4221 30000 30000 640 3727 3584 8182 2655 30000 4696 2139 11597 13201 3638 12591 22465 4365 4533 30000 10340 1233 10889 18163 2107 30000 3848 5611 30000 5417 30000 1418 30000 8846 11391 3191 30000 30000 2143 12613 7681 6299 1622 8423 30000 1623 1180 4816 6110 1935 8958 2475 6244 11472 30000 30000 27354 6548 9837 4476 14371 8215 25158 2190 6879 30000 
1230 2071 1396 30000 2076 16222 30000 30000 23140 30000 16511 30000 5243 19429 25779 17946 30000 30000 30000 4955 12086 2349 30000 8115 4645 30000 1538 30000 9097 30000 30000 4579 30000 12536 30000 8120 8618 30000 22899 30000 30000 1333 30000 5889 6326 30000 24064 30000 16829 20029 1143 22200 30000 30000 30000 2789 30000 4395 30000 30000 2157 30000 30000 30000 9774 30000 30000 3265 3248 20202 14125 3654 2998 30000 12853 30000 30000 16981 13426 9084 2539 30000 30000 30000 30000 30000 9123 1069 30000 21530 4003 30000 16442 13609 9251 2817 30000 15220 30000 3770 6688 
1260 30000 30000 18910 30000 19109 30000 30000 30000 30000 30000 30000 30000 30000 6871 30000 30000 8888 28278 23703 30000 13709 8822 30000 30000 30000 15784 30000 21155 30000 30000 30000 30000 30000 12340 30000 30000 30000 30000 30000 30000 15863 30000 30000 30000 30000 30000 30000 30000 30000 30000 30000 8279 8174 30000 17000 30000 28408 22308 7227 30000 6751 14367 2749 30000 30000 30000 16842 30000 30000 30000 30000 4827 17519 30000 30000 28708 30000 30000 30000 30000 30000 30000 30000 30000 15435 30000 30000 30000 30000 30000 11597 30000 24641 30000 30000 30000 30000 30000 30000 30000 
1290 30000 30000 30000 30000 30000 5967 30000 30000 30000 30000 30000 30000 30000 12125 30000 30000 30000 30000 30000 9381 23388 30000 30000 30000 30000 30000 30000 30000 8855 30000 30000 20024 30000 30000 30000 30000 30000 30000 11262 30000 4075 30000 30000 30000 2284 30000 30000 30000 30000 30000 2439 30000 3883 30000 15043 30000 30000 30000 30000 30000 30000 30000 30000 30000 30000 30000 30000 30000 30000 30000 30000 30000 30000 30000 30000 30000 30000 30000 30000 30000 30000 20813 30000 30000 30000 30000 30000 30000 30000 30000 6779 19343 30000 30000 30000 30000 30000 30000 7729 30000 
1320 30000 30000 30000 30000 30000 30000 30000 30000 30000 30000 30000 30000 30000 30000 30000 30000 30000 30000 30000 30000 30000 30000 30000 30000 30000 30000 30000 30000 30000 10483 30000 30000 30000 30000 30000 30000 30000 30000 30000 30000 10886 30000 30000 30000 30000 30000 30000 30000 17414 30000 30000 30000 30000 30000 30000 30000 30000 30000 30000 30000 30000 30000 30000 30000 30000 30000 30000 30000 30000 30000 30000 30000 30000 30000 30000 30000 30000 30000 30000 30000 30000 30000 30000 30000 30000 30000 30000 30000 30000 30000 30000 30000 30000 30000 30000 30000 30000 30000 30000 30000 
1350 30000 30000 30000 30000 30000 30000 30000 30000 30000 30000 30000 30000 30000 30000 30000 30000 30000 30000 30000 30000 30000 30000 30000 30000 30000 30000 30000 30000 30000 30000 30000 30000 30000 11235 30000 30000 30000 30000 30000 30000 30000 30000 30000 30000 30000 30000 30000 30000 30000 30000 30000 30000 30000 30000 30000 30000 30000 30000 30000 30000 30000 30000 30000 30000 30000 30000 30000 30000 30000 30000 30000 30000 30000 30000 30000 30000 30000 30000 30000 30000 30000 30000 30000 30000 30000 30000 30000 30000 30000 30000 30000 30000 30000 3375 30000 30000 30000 30000 30000 30000 
1380 30000 30000 30000 30000 30000 30000 30000 30000 30000 30000 30000 30000 30000 30000 30000 30000 30000 30000 30000 30000 30000 30000 30000 30000 30000 30000 30000 30000 30000 30000 30000 30000 30000 30000 30000 30000 30000 30000 30000 30000 30000 30000 30000 30000 30000 30000 30000 30000 30000 30000 30000 30000 30000 30000 30000 30000 30000 30000 30000 30000 30000 30000 30000 30000 30000 30000 30000 30000 30000 30000 30000 30000 30000 30000 30000 30000 30000 30000 30000 30000 30000 30000 30000 30000 30000 30000 30000 30000 30000 30000 30000 30000 30000 30000 30000 30000 30000 30000 30000 30000 
1410 30000 30000 30000 30000 30000 30000 30000 30000 30000 30000 30000 30000 30000 30000 30000 30000 30000 30000 30000 30000 30000 30000 30000 30000 30000 30000 30000 30000 30000 30000 30000 30000 30000 30000 30000 30000 30000 30000 30000 30000 30000 30000 30000 30000 30000 30000 30000 30000 30000 30000 30000 30000 30000 30000 30000 30000 30000 30000 30000 30000 30000 30000 30000 30000 30000 30000 30000 30000 30000 30000 30000 30000 30000 30000 30000 30000 30000 30000 30000 30000 30000 30000 30000 30000 30000 30000 30000 30000 30000 30000 30000 30000 30000 30000 30000 30000 30000 30000 30000 30000 
1440 30000 30000 30000 30000 30000 30000 30000 30000 30000 30000 30000 30000 30000 30000 30000 30000 30000 30000 30000 30000 30000 30000 30000 30000 30000 30000 30000 30000 30000 30000 30000 30000 30000 30000 30000 30000 30000 30000 30000 30000 30000 30000 30000 30000 30000 30000 30000 30000 30000 30000 30000 30000 30000 30000 30000 30000 30000 30000 30000 30000 30000 30000 30000 30000 30000 30000 30000 30000 30000 30000 30000 30000 30000 30000 30000 30000 30000 30000 30000 30000 30000 30000 30000 30000 30000 30000 30000 30000 30000 30000 30000 30000 30000 30000 30000 30000 30000 30000 30000 30000 
1470 30000 30000 30000 30000 30000 30000 30000 30000 30000 30000 30000 30000 30000 30000 30000 30000 30000 30000 30000 30000 30000 30000 30000 30000 30000 30000 30000 30000 30000 30000 30000 30000 30000 30000 30000 30000 30000 30000 30000 30000 30000 30000 30000 30000 30000 30000 30000 30000 30000 30000 30000 30000 30000 30000 30000 30000 30000 30000 30000 30000 30000 30000 30000 30000 30000 30000 30000 30000 30000 30000 30000 30000 30000 30000 30000 30000 30000 30000 30000 30000 30000 30000 30000 30000 30000 30000 30000 30000 30000 30000 30000 30000 30000 30000 30000 30000 30000 30000 30000 30000 
1500 30000 30000 30000 30000 30000 30000 30000 30000 30000 30000 30000 30000 30000 30000 30000 30000 30000 30000 30000 30000 30000 30000 30000 30000 30000 30000 30000 30000 30000 30000 30000 30000 30000 30000 30000 30000 30000 30000 30000 30000 30000 30000 30000 30000 30000 30000 30000 30000 30000 30000 30000 30000 30000 30000 30000 30000 30000 30000 30000 30000 30000 30000 30000 30000 30000 30000 30000 30000 30000 30000 30000 30000 30000 30000 30000 30000 30000 30000 30000 30000 30000 30000 30000 30000 30000 30000 30000 30000 30000 30000 30000 30000 30000 30000 30000 30000 30000 30000 30000 30000 
