M steps
0 0 0 0 0 0 0 0 0 0 0 0 0 0 0 0 0 0 0 0 0 0 0 0 0 0 0 0 0 0 0 0 0 0 0 0 0 0 0 0 0 0 0 0 0 0 0 0 0 0 0 0 0 0 0 0 0 0 0 0 0 0 0 0 0 0 0 0 0 0 0 0 0 0 0 0 0 0 0 0 0 0 0 0 0 0 0 0 0 0 0 0 0 0 0 0 0 0 0 0 0 
10 2 2 2 2 1 3 1 3 2 1 3 0 2 1 0 3 1 0 2 1 4 2 2 2 0 0 1 1 0 1 1 1 2 0 3 0 1 0 1 1 1 0 0 2 2 1 1 0 1 3 0 1 1 1 2 0 0 0 2 1 2 1 0 0 1 0 2 1 1 1 0 0 1 1 0 1 3 2 0 2 3 1 0 1 0 0 2 1 0 2 1 1 1 1 2 0 1 1 0 2 
20 3 0 1 2 4 7 2 3 3 3 4 4 3 2 2 2 2 2 2 2 2 7 3 3 0 1 4 1 2 1 2 2 1 1 0 4 1 4 2 5 2 0 4 2 6 3 1 1 2 3 2 2 2 4 4 0 5 3 2 1 5 1 0 5 5 2 3 0 1 4 3 3 2 4 3 3 2 3 4 3 5 1 5 4 2 1 4 5 4 2 2 2 5 3 6 1 1 1 1 3 
30 6 1 3 3 6 5 4 1 4 5 1 2 3 4 2 1 3 0 3 3 3 4 3 1 3 3 2 5 4 6 2 2 2 2 4 1 3 4 3 5 3 7 4 2 3 2 7 5 3 2 2 0 1 4 3 5 3 7 3 5 4 2 5 1 4 6 5 4 1 10 5 5 3 3 2 4 5 3 4 3 1 4 2 5 4 6 5 6 4 2 4 4 4 5 1 3 2 3 3 3 
40 6 5 8 7 6 7 3 7 4 7 4 6 7 6 10 5 6 7 3 5 8 2 8 3 4 7 3 8 7 2 6 4 5 7 4 4 4 6 6 8 6 5 4 4 4 5 7 4 4 3 5 2 4 2 1 4 5 6 6 7 7 5 2 6 5 5 3 0 7 9 5 1 3 6 3 4 8 7 5 3 9 9 7 2 6 3 8 4 2 6 2 4 3 5 6 5 8 5 7 3 
50 9 8 4 7 12 7 7 5 5 8 7 4 2 2 4 6 2 4 8 9 10 6 9 5 6 7 4 4 6 5 9 6 6 5 6 5 7 5 4 3 2 6 2 4 3 6 6 8 7 3 2 5 6 5 4 5 7 5 6 7 5 5 4 8 7 7 4 12 7 8 5 9 4 11 5 8 8 10 8 6 7 2 7 5 5 6 4 5 5 8 7 4 10 8 5 7 9 7 9 8 
60 4 10 7 11 6 2 7 7 8 8 6 8 7 5 5 6 9 9 11 6 9 7 5 7 10 6 8 13 9 12 4 8 7 7 6 9 7 7 7 9 10 3 5 8 13 6 9 8 8 12 6 6 7 8 10 7 4 10 4 8 9 5 8 6 6 9 6 3 7 8 7 6 7 9 3 6 6 9 6 10 10 7 3 9 2 8 5 7 10 6 6 9 11 7 6 5 9 10 7 5 
70 11 5 8 5 5 7 11 8 9 10 10 8 6 15 10 10 9 8 6 11 5 15 9 6 5 8 5 9 7 12 8 4 5 8 10 4 8 6 8 14 16 10 7 8 11 18 12 2 4 8 12 5 13 5 6 7 9 6 9 13 8 3 7 4 7 7 6 10 4 11 7 5 10 4 11 10 8 9 9 10 7 12 7 10 10 14 10 8 9 14 3 12 6 16 10 5 11 10 5 5 
80 12 5 11 9 10 11 6 8 11 11 11 8 14 11 13 7 12 11 10 13 9 9 10 11 11 12 8 5 9 12 7 6 15 8 13 18 8 8 11 9 8 9 13 6 9 15 10 12 14 16 16 8 10 12 13 8 7 10 10 11 11 10 5 7 10 9 11 8 3 8 9 14 8 9 10 9 9 7 10 14 10 8 9 13 10 10 10 10 8 7 19 13 16 7 8 10 5 11 9 10 
90 17 10 16 11 11 11 9 13 19 13 11 7 14 7 8 7 9 9 10 11 14 8 11 8 14 11 7 12 16 8 10 9 9 10 9 6 12 10 21 12 9 13 11 12 12 10 17 5 10 7 10 11 8 10 13 7 12 8 10 11 13 13 8 19 10 11 14 14 14 6 5 8 12 9 11 15 12 11 12 9 9 8 12 5 7 11 14 10 10 11 8 7 13 9 13 11 8 13 13 4 
100 8 12 8 16 16 8 12 9 18 11 19 10 10 11 14 6 12 8 5 20 13 13 9 14 11 7 12 11 11 7 19 15 15 10 16 8 7 6 10 10 8 11 13 11 15 22 14 14 15 15 9 12 10 16 17 18 13 13 17 10 14 14 7 18 14 9 18 10 11 9 9 18 11 11 10 8 11 9 13 19 10 12 18 13 11 11 9 10 11 7 18 6 11 9 10 16 9 12 7 11 
110 12 13 17 9 15 11 15 15 20 14 9 6 12 10 13 20 17 11 14 5 14 17 10 11 15 14 9 24 16 16 9 10 12 16 23 12 14 13 17 25 6 11 9 12 14 11 15 15 18 21 11 22 8 9 14 12 12 14 18 17 13 18 16 12 19 19 16 18 16 18 17 12 15 25 16 11 9 7 13 8 24 11 21 21 17 18 17 12 14 12 9 16 12 14 15 17 22 15 11 14 
120 13 24 15 12 17 15 24 10 14 16 19 21 13 26 11 13 18 12 14 12 17 15 11 17 9 12 13 18 15 12 11 19 14 13 10 21 13 7 23 23 15 22 17 15 12 17 17 14 17 19 11 19 22 16 8 19 20 20 12 16 10 16 16 14 10 15 17 16 24 19 15 19 16 21 17 13 14 18 15 18 13 14 15 12 15 14 19 13 9 14 21 13 17 17 11 19 15 6 13 17 
130 17 21 14 22 18 21 24 20 15 24 12 20 22 13 18 22 15 19 21 21 19 16 17 26 16 22 30 13 22 11 17 20 17 15 15 18 16 23 20 17 14 12 21 18 12 20 20 11 13 20 13 20 17 20 21 14 23 13 26 17 28 15 15 14 16 12 12 20 15 25 16 16 13 17 12 19 17 24 15 20 14 18 11 13 18 13 16 16 13 11 15 11 27 15 17 17 15 15 23 12 
140 16 14 20 17 19 16 21 20 14 29 20 15 24 22 23 28 20 12 16 24 14 19 15 18 16 13 11 16 11 21 20 20 14 15 20 27 18 21 27 26 22 18 21 12 15 16 15 16 19 11 17 21 15 24 14 20 15 17 15 13 19 15 13 16 25 21 19 9 15 12 23 23 16 12 21 11 16 17 17 25 12 16 31 26 15 13 29 22 15 22 26 25 13 18 19 15 23 16 13 15 
150 14 29 21 16 15 40 26 25 26 15 19 40 18 22 17 40 28 35 27 14 24 27 25 22 24 13 20 19 27 39 17 24 16 22 18 17 17 19 18 20 24 10 16 22 20 18 20 18 12 23 21 17 17 20 23 27 13 20 18 16 19 19 17 20 22 17 21 19 15 14 23 16 24 24 22 17 22 12 19 23 32 12 19 33 16 22 22 23 18 26 16 14 35 21 19 13 16 22 17 23 
160 27 12 38 15 23 19 21 18 21 20 20 19 21 19 14 28 19 22 25 20 31 21 35 20 16 19 18 22 20 17 24 19 17 19 22 15 19 20 32 20 20 22 17 15 20 28 27 29 24 13 27 15 18 13 15 13 36 15 31 22 17 42 24 27 19 24 27 26 23 16 21 23 22 25 17 19 30 24 18 20 26 18 21 17 22 22 19 28 30 17 14 28 23 17 25 16 18 26 26 18 
170 21 17 27 12 22 10 16 22 12 20 26 13 14 22 21 40 57 34 39 13 38 31 23 24 27 26 45 25 18 19 27 36 34 21 15 20 22 25 20 15 29 22 20 20 20 22 19 25 31 27 24 21 19 12 26 25 29 25 25 28 15 30 29 29 10 21 21 24 17 17 30 18 28 25 22 20 17 22 25 20 16 23 20 24 25 24 25 24 38 20 36 51 24 20 19 27 21 34 22 30 
180 21 27 18 30 21 12 25 18 36 32 60 30 41 17 23 22 27 16 21 39 15 23 26 18 22 16 28 22 27 26 30 24 37 27 47 17 23 30 20 23 21 29 32 24 33 19 27 18 45 32 18 34 11 28 34 21 21 25 22 13 20 51 16 36 37 30 37 18 22 31 23 22 21 24 15 25 20 52 23 18 21 31 15 26 12 20 20 40 27 15 37 27 21 31 36 15 20 19 21 15 
190 23 54 39 27 34 25 21 25 25 25 21 30 28 22 35 26 22 32 22 17 34 19 43 47 49 23 31 29 24 29 27 26 30 39 50 48 25 21 23 31 22 28 30 31 29 24 17 25 31 22 25 20 27 20 12 11 24 16 29 44 31 16 49 64 29 36 22 18 21 27 59 33 16 19 50 64 36 20 29 16 21 19 25 31 24 34 19 26 28 17 20 33 41 36 37 25 31 25 14 20 
200 30 27 38 43 41 32 24 26 35 42 36 35 26 29 18 25 27 30 25 22 42 24 38 35 33 23 29 37 22 27 34 25 29 42 42 25 18 21 35 37 27 21 19 27 28 26 25 38 29 26 28 20 23 24 45 31 33 34 25 21 26 22 43 36 38 36 36 28 35 29 19 28 51 27 30 35 32 25 35 28 49 28 18 36 28 21 34 24 38 27 29 31 35 41 25 37 41 57 30 15 
210 47 47 38 29 33 32 55 35 28 29 33 21 34 25 29 29 28 34 26 27 67 37 37 28 26 43 29 24 29 35 17 41 36 32 20 39 31 31 22 79 50 22 25 23 35 24 45 46 21 20 23 40 42 31 25 44 43 39 27 45 44 24 21 17 33 44 46 45 20 29 39 33 26 18 24 38 24 38 35 35 28 22 47 15 20 27 38 46 26 37 31 27 46 43 25 31 42 44 49 27 
220 54 47 28 30 40 36 28 38 35 51 40 30 33 41 42 31 36 25 31 30 26 33 23 27 67 18 28 38 86 54 27 28 61 36 34 22 90 26 40 34 39 36 66 60 34 67 24 55 53 69 25 50 41 30 25 16 35 50 46 57 21 23 20 33 29 44 37 36 25 38 32 36 68 45 36 38 29 30 38 35 27 34 33 32 59 46 46 54 22 34 34 42 25 23 77 39 35 28 33 37 
230 31 58 33 41 81 55 46 46 66 63 36 38 29 23 27 42 24 38 69 31 28 71 23 30 40 59 30 80 52 75 38 114 52 39 45 35 54 38 23 35 55 40 30 25 42 55 34 29 37 32 41 105 38 39 35 41 34 74 36 25 41 42 36 32 31 65 122 42 68 37 59 39 40 31 32 36 31 31 56 60 34 44 98 101 55 46 36 41 32 42 90 41 48 30 27 55 81 40 89 43 
240 32 69 44 34 31 41 49 26 63 53 44 48 36 29 87 61 28 51 62 31 32 24 61 31 27 40 67 41 66 28 33 31 89 28 41 49 66 48 51 64 33 47 61 62 67 38 36 60 40 52 35 64 37 38 89 32 61 25 48 154 43 35 87 43 67 49 36 32 39 56 36 42 39 34 58 53 45 77 46 37 29 49 27 53 48 64 36 36 56 44 43 63 31 33 36 130 39 65 24 41 
250 43 28 46 46 47 127 27 58 44 34 24 56 49 41 78 77 31 36 37 123 43 32 129 54 60 36 27 159 37 44 64 114 111 36 38 27 63 33 67 40 34 32 26 62 49 71 45 42 52 33 56 25 56 52 48 97 42 138 36 35 27 27 39 40 34 90 25 32 180 84 36 26 33 33 26 39 40 47 63 27 49 32 56 76 76 39 48 81 116 38 34 50 39 43 120 61 36 56 45 52 
260 42 39 44 64 32 31 49 111 32 23 44 40 48 85 80 49 37 82 37 53 31 42 27 46 60 40 176 66 53 152 41 29 68 90 45 75 48 56 202 66 56 29 55 71 28 40 27 83 58 43 34 41 30 70 90 45 35 43 28 53 48 71 50 72 39 60 44 38 90 111 35 50 43 38 41 32 31 58 47 58 69 61 32 82 32 104 70 48 49 33 63 41 58 40 44 51 64 75 35 90 
270 42 74 54 112 62 311 67 149 84 72 78 88 41 159 99 113 36 95 55 54 45 71 62 44 48 48 63 40 57 65 47 71 32 34 60 142 36 48 29 60 42 149 60 117 203 24 58 64 33 74 74 45 86 35 43 29 46 36 43 75 79 44 37 30 43 66 35 54 57 37 84 36 39 59 102 55 33 56 65 27 82 48 70 95 44 67 89 39 50 98 107 46 48 110 104 74 54 40 53 47 
280 41 30 48 45 59 43 64 32 54 211 42 61 74 38 56 82 52 42 52 69 54 110 79 51 115 51 46 32 41 80 122 84 78 121 45 46 70 71 114 209 88 65 60 44 40 48 56 67 89 184 79 126 137 59 47 31 61 89 159 37 38 155 75 31 48 436 69 64 44 44 248 67 86 73 73 73 117 72 76 92 33 117 47 94 63 44 64 63 59 38 175 30 62 50 86 34 49 35 65 69 
290 296 82 61 52 79 91 95 38 63 214 59 54 55 62 62 105 122 76 49 71 104 79 159 162 117 75 172 94 107 542 162 76 137 56 89 32 43 49 56 181 234 121 71 369 284 53 61 47 61 30 56 170 86 110 43 60 47 115 102 40 70 50 50 150 65 66 63 44 81 189 69 72 136 68 70 57 88 51 35 59 48 37 207 82 61 80 111 160 99 74 119 192 59 264 216 37 55 91 51 63 
300 151 246 408 43 66 41 53 149 215 33 60 81 144 53 162 43 48 159 193 155 67 92 117 48 50 123 223 73 38 84 137 23 155 168 95 109 41 98 51 61 75 58 190 106 55 63 87 46 44 162 51 43 74 45 41 138 79 37 56 90 243 136 66 36 180 66 94 154 147 110 67 41 52 179 174 162 78 168 107 265 114 168 89 163 87 217 78 66 110 64 200 104 76 149 259 161 63 187 62 77 
310 70 35 43 124 120 89 50 297 204 63 72 70 68 34 43 44 156 79 104 216 93 36 78 41 64 282 106 110 54 196 110 59 176 59 149 169 464 140 81 788 68 46 285 86 232 86 103 71 45 84 142 178 557 275 92 68 107 75 51 79 66 306 74 42 355 108 166 39 87 93 34 120 321 85 168 90 35 343 103 156 170 80 98 123 80 69 44 185 91 274 132 156 126 56 51 117 358 451 103 105 
320 293 164 90 69 139 791 92 77 823 67 161 166 94 360 56 79 272 117 403 54 163 91 67 61 57 839 74 114 159 52 146 114 63 125 48 79 162 119 195 473 322 45 117 104 108 446 78 106 108 191 133 57 47 148 399 96 148 102 71 86 229 55 256 113 189 250 258 83 55 207 126 126 212 68 115 288 39 134 184 249 109 94 80 104 126 85 138 51 66 203 103 169 61 114 110 149 87 908 90 95 
330 219 85 128 631 259 210 232 141 1099 161 107 1514 146 323 52 128 254 129 50 167 256 167 337 91 462 225 111 87 1470 140 813 151 119 328 83 41 595 259 68 103 105 105 63 1062 92 110 177 189 299 451 84 60 148 577 133 241 56 242 841 90 186 231 91 74 184 87 260 406 82 210 351 232 90 246 178 135 462 173 152 137 207 50 129 176 155 65 125 116 160 78 507 179 619 170 556 129 178 172 105 576 
340 183 365 186 137 315 82 405 64 117 261 100 62 215 114 273 60 319 785 124 130 134 144 655 77 212 79 790 627 103 214 85 267 130 318 77 114 115 60 278 143 130 63 626 218 175 966 219 177 134 149 265 622 259 56 248 684 60 334 275 318 146 316 64 54 406 1335 806 159 188 283 97 604 42 77 79 271 104 166 273 260 139 65 170 199 278 158 473 432 262 614 96 153 672 381 111 347 94 140 298 134 
350 407 129 329 980 157 150 99 136 478 592 148 55 160 73 160 120 71 68 435 1700 653 64 1493 254 202 136 171 291 266 269 270 545 368 115 700 162 259 143 612 235 167 249 898 544 615 2622 44 60 146 326 122 928 110 227 236 116 247 70 252 1593 73 74 422 127 124 162 381 94 158 630 257 66 396 181 228 170 128 981 362 395 139 843 162 99 76 236 361 482 193 304 148 590 76 60 567 108 2921 185 380 206 
360 129 164 150 194 738 368 77 184 232 417 369 105 276 384 198 401 298 659 466 557 167 68 1067 417 182 2947 116 225 516 189 281 189 210 253 294 522 171 185 1945 605 77 5382 2014 346 285 519 162 855 171 152 608 347 498 390 286 1423 213 97 94 251 102 85 227 345 313 79 774 377 238 123 4503 232 56 192 275 523 799 220 210 131 87 1651 607 116 820 296 108 72 241 81 393 306 481 396 194 323 273 318 280 199 
370 1064 103 116 244 10000 139 477 1187 576 309 735 201 1424 132 169 2785 306 313 226 302 616 202 341 667 647 121 869 310 430 817 562 575 277 140 723 85 179 550 806 711 279 971 246 560 113 472 1938 2796 340 4293 974 246 199 10000 314 340 733 1691 181 100 568 370 293 343 194 96 1518 10000 707 600 189 106 2933 342 1459 49 715 798 2068 57 426 120 667 969 502 426 293 2652 272 1059 529 235 266 2292 4201 886 147 3418 699 2240 
380 137 153 219 408 345 214 368 881 290 226 884 7065 114 171 277 10000 4035 212 380 453 428 435 695 616 61 633 368 1119 1456 62 529 143 4687 3854 1103 116 84 2454 301 148 489 3048 5410 231 316 110 703 289 753 157 323 830 1221 315 872 107 973 112 2163 140 242 705 327 317 557 389 1157 3781 1131 405 89 362 2759 1622 9867 122 5652 2261 196 981 651 5401 1433 284 518 183 3012 8993 335 158 231 228 819 121 5438 285 1013 133 473 1001 
390 310 10000 420 439 102 2368 653 5166 100 1576 10000 757 327 868 82 2594 2429 10000 1356 192 1277 665 265 299 716 193 789 431 10000 10000 1411 756 220 518 1922 3949 219 587 1698 242 276 241 78 3481 120 574 3597 764 752 183 148 2002 5263 969 2994 2547 5248 1631 107 152 10000 615 871 10000 9375 879 225 4585 382 1564 871 257 1479 602 10000 1173 459 3033 474 4268 298 630 10000 287 365 394 133 165 2066 761 2850 746 94 462 2012 835 2336 2459 1066 251 
400 6584 542 601 554 10000 1352 10000 424 10000 176 5142 3660 10000 2213 10000 227 5912 611 1359 10000 438 1630 91 1162 2204 1311 351 1868 128 271 418 10000 294 10000 3866 509 5493 424 1967 2652 507 224 1214 373 162 10000 1370 1778 160 10000 386 4938 912 4276 160 759 194 2234 90 10000 4957 152 88 10000 141 10000 436 848 187 500 1758 1416 10000 10000 10000 7745 10000 5626 1230 10000 948 2195 315 455 9617 3466 1353 4717 602 125 2253 10000 10000 296 10000 10000 316 105 1407 1921 
410 362 2275 1329 10000 10000 10000 1242 3297 10000 10000 733 195 10000 150 10000 611 303 1784 10000 234 4263 10000 425 3521 10000 727 10000 10000 10000 1193 2401 370 10000 184 5128 1908 492 1266 275 136 4888 6315 724 227 10000 3163 967 10000 379 835 5527 2731 10000 10000 10000 1301 8337 2131 10000 5908 1806 2410 1656 5346 10000 1137 625 6034 270 381 10000 10000 198 2527 10000 10000 10000 4370 10000 10000 242 202 229 213 1906 788 8032 10000 1324 10000 232 714 4484 203 10000 10000 10000 185 549 3316 
420 10000 1813 3720 793 130 977 392 10000 2955 10000 121 10000 10000 10000 303 265 10000 117 10000 10000 293 10000 10000 1131 1922 10000 890 209 435 1276 10000 10000 272 325 10000 10000 10000 10000 6873 515 10000 332 10000 969 533 43 10000 10000 320 10000 1965 10000 8029 846 10000 10000 10000 10000 10000 933 85 3827 10000 3122 2213 197 149 9934 10000 1159 878 10000 483 3059 3320 689 3423 2362 10000 2873 2378 691 10000 3210 10000 2011 10000 1253 10000 10000 5336 10000 246 10000 10000 10000 5936 205 881 4456 
430 957 3362 10000 10000 749 10000 10000 440 10000 478 10000 1886 10000 10000 10000 10000 10000 10000 10000 10000 256 3736 10000 10000 2368 3290 10000 857 10000 10000 10000 10000 8385 10000 947 10000 293 7297 10000 10000 10000 10000 10000 10000 10000 10000 10000 10000 10000 10000 10000 10000 3199 10000 10000 10000 2373 10000 5959 10000 364 10000 858 10000 1207 10000 7971 10000 185 10000 10000 10000 233 1417 10000 2159 10000 10000 844 10000 610 403 1089 10000 640 1735 10000 10000 4088 10000 2233 10000 4338 1525 10000 10000 766 10000 10000 10000 
440 912 10000 10000 10000 10000 10000 7557 2657 10000 10000 10000 10000 10000 10000 10000 10000 10000 10000 4655 10000 166 10000 4993 10000 10000 523 10000 10000 2880 10000 1357 10000 10000 10000 10000 10000 350 10000 1153 10000 274 10000 10000 10000 10000 10000 383 10000 10000 10000 878 589 220 10000 10000 10000 10000 10000 10000 10000 1433 10000 10000 2443 9416 10000 9985 2704 10000 10000 10000 3555 10000 10000 834 10000 3609 10000 1767 10000 10000 10000 7323 10000 10000 478 10000 10000 10000 10000 10000 10000 10000 10000 10000 10000 4360 10000 1446 10000 
450 10000 2380 10000 10000 6152 10000 10000 10000 10000 10000 10000 10000 10000 10000 10000 10000 10000 10000 10000 10000 10000 10000 10000 10000 10000 10000 10000 10000 10000 10000 10000 1336 10000 10000 10000 10000 813 10000 10000 10000 10000 10000 791 10000 10000 10000 10000 10000 10000 10000 10000 3654 10000 1840 10000 10000 955 10000 10000 10000 10000 10000 10000 10000 10000 10000 10000 10000 10000 10000 10000 10000 10000 1797 10000 2444 7040 10000 10000 10000 10000 10000 6556 10000 10000 10000 10000 10000 10000 10000 10000 10000 10000 10000 10000 10000 10000 10000 10000 559 
460 10000 10000 10000 10000 10000 10000 10000 10000 10000 10000 10000 10000 10000 10000 10000 10000 10000 10000 10000 10000 10000 10000 10000 10000 10000 132 10000 10000 10000 10000 10000 10000 10000 10000 10000 10000 10000 10000 10000 10000 10000 10000 10000 10000 10000 4540 10000 10000 418 10000 10000 3962 10000 10000 10000 10000 389 10000 282 10000 10000 10000 10000 10000 10000 10000 2476 10000 10000 10000 10000 10000 10000 10000 10000 10000 10000 10000 10000 10000 10000 10000 10000 10000 10000 10000 10000 10000 10000 10000 10000 10000 10000 10000 10000 10000 10000 10000 10000 10000 
470 10000 10000 10000 10000 10000 10000 10000 10000 10000 10000 10000 10000 10000 10000 10000 10000 10000 10000 10000 10000 10000 10000 10000 10000 10000 10000 10000 10000 10000 10000 10000 10000 10000 10000 10000 10000 10000 10000 10000 10000 10000 10000 10000 10000 10000 10000 10000 10000 10000 10000 10000 10000 10000 10000 10000 10000 10000 10000 184 10000 10000 10000 10000 10000 10000 10000 263 10000 10000 10000 10000 10000 10000 10000 10000 10000 10000 10000 10000 10000 10000 10000 10000 10000 10000 10000 10000 10000 10000 10000 10000 10000 10000 10000 10000 10000 10000 10000 10000 10000 
480 10000 10000 10000 10000 10000 10000 10000 10000 10000 10000 10000 10000 3125 10000 10000 10000 10000 10000 10000 10000 10000 10000 10000 10000 10000 10000 10000 10000 10000 10000 10000 10000 10000 10000 10000 10000 10000 10000 10000 10000 10000 10000 10000 10000 10000 10000 10000 10000 10000 10000 10000 10000 10000 10000 10000 10000 10000 10000 10000 10000 10000 10000 10000 10000 10000 10000 10000 10000 10000 10000 10000 10000 10000 10000 10000 10000 10000 10000 10000 10000 10000 10000 3928 10000 10000 10000 10000 10000 10000 10000 10000 10000 10000 10000 10000 10000 10000 10000 10000 10000 
490 10000 10000 10000 10000 10000 10000 10000 10000 10000 10000 10000 10000 10000 10000 10000 10000 10000 10000 10000 10000 10000 10000 10000 10000 10000 10000 10000 10000 10000 10000 10000 10000 10000 10000 10000 10000 10000 10000 10000 10000 10000 10000 10000 10000 10000 10000 10000 10000 10000 10000 10000 384 10000 10000 10000 10000 10000 10000 10000 10000 10000 10000 10000 10000 10000 10000 10000 10000 10000 10000 10000 10000 10000 10000 10000 10000 10000 10000 10000 10000 10000 10000 10000 10000 10000 10000 10000 10000 10000 10000 10000 10000 10000 10000 10000 10000 10000 10000 10000 10000 
500 10000 10000 10000 10000 10000 10000 10000 10000 10000 10000 10000 10000 10000 10000 10000 10000 10000 10000 10000 10000 10000 10000 10000 10000 10000 10000 10000 10000 10000 10000 10000 10000 10000 10000 10000 10000 10000 10000 10000 10000 10000 10000 10000 10000 10000 10000 10000 10000 10000 10000 10000 10000 10000 10000 10000 10000 10000 10000 10000 10000 10000 10000 10000 10000 10000 10000 10000 10000 10000 10000 10000 10000 10000 10000 10000 10000 10000 10000 10000 10000 10000 10000 10000 10000 10000 10000 10000 10000 10000 10000 10000 10000 10000 10000 10000 10000 10000 10000 10000 10000 
