M steps
0 0 0 0 0 0 0 0 0 0 0 0 0 0 0 0 0 0 0 0 0 0 0 0 0 0 0 0 0 0 0 0 0 0 0 0 0 0 0 0 0 0 0 0 0 0 0 0 0 0 0 0 0 0 0 0 0 0 0 0 0 0 0 0 0 0 0 0 0 0 0 0 0 0 0 0 0 0 0 0 0 0 0 0 0 0 0 0 0 0 0 0 0 0 0 0 0 0 0 0 0 
100 14 18 13 15 11 10 16 8 11 13 17 13 9 14 21 12 13 12 16 13 10 14 9 15 4 15 12 14 14 9 15 7 15 13 16 12 18 15 9 15 13 11 15 13 20 12 17 11 15 11 6 15 20 13 11 15 13 10 11 7 16 9 10 10 11 16 23 17 10 12 14 13 17 12 15 11 12 10 13 14 14 8 10 13 15 18 21 14 12 5 14 12 15 9 8 11 11 7 13 9 
200 22 22 30 34 28 14 25 35 23 32 22 34 33 28 20 32 20 21 28 16 33 22 28 24 26 21 22 24 23 24 27 26 22 25 24 24 30 24 21 32 25 28 25 36 25 21 28 24 24 20 26 28 26 21 26 27 27 24 25 16 21 24 20 30 27 28 28 21 22 27 29 22 29 29 16 23 27 22 26 30 30 21 22 17 27 25 26 18 23 21 29 22 18 32 22 21 23 21 26 17 
300 37 29 44 36 34 44 35 39 37 38 42 39 41 35 31 37 29 38 35 41 41 35 36 40 36 30 32 54 39 39 29 42 37 46 33 47 49 33 35 32 37 45 25 35 43 38 35 37 43 36 34 37 33 33 43 28 48 41 36 27 47 32 36 45 35 40 35 44 41 44 33 35 30 39 35 32 33 31 40 37 39 34 31 34 36 42 31 45 41 31 48 37 36 35 34 29 35 41 41 36 
400 50 48 52 43 47 46 54 47 44 57 49 53 55 47 40 47 54 51 60 42 50 50 53 39 47 50 56 52 48 49 58 48 49 50 51 50 58 36 50 48 48 50 54 40 47 50 53 47 44 55 51 50 43 48 50 50 51 45 39 51 44 47 39 51 47 55 63 48 51 51 47 54 48 62 55 57 44 50 37 42 59 48 50 48 45 43 46 51 45 63 49 41 45 46 59 35 52 54 56 40 
500 65 58 58 58 46 56 53 57 54 49 58 69 71 49 58 62 51 71 62 54 68 58 62 64 51 64 55 51 49 68 53 57 55 71 59 62 58 70 61 62 64 50 79 54 51 54 57 56 56 60 68 58 65 58 58 55 52 73 68 68 70 62 70 65 49 65 57 71 66 59 68 54 58 53 52 57 68 65 74 60 62 60 65 65 53 68 62 75 64 64 74 56 75 64 51 64 57 66 62 60 
600 84 79 68 78 82 92 78 70 76 67 83 67 70 76 84 59 69 66 66 72 74 81 67 56 72 65 57 66 74 83 79 77 76 72 86 86 81 69 71 73 70 78 58 69 72 68 56 70 64 64 71 66 72 73 89 83 67 81 70 91 92 74 79 61 94 68 97 76 61 69 68 76 71 78 71 77 67 78 81 66 78 51 84 65 71 62 70 72 78 58 74 62 75 65 76 72 72 70 62 73 
700 86 85 95 92 84 89 71 103 89 84 100 83 80 83 76 81 82 81 84 79 90 83 90 78 86 94 85 85 76 76 84 80 68 91 82 82 83 80 84 88 85 92 93 87 78 96 84 88 90 86 110 75 74 73 76 90 99 89 93 102 93 92 81 77 76 82 89 80 84 98 81 78 76 86 73 94 82 92 96 71 90 80 79 110 87 71 79 87 88 88 100 79 89 80 104 78 98 71 84 75 
800 96 110 78 97 95 107 116 87 86 96 93 90 95 102 96 90 96 89 98 109 110 99 89 105 87 114 101 104 89 99 102 123 84 111 111 86 113 111 104 99 95 93 85 91 102 100 83 109 88 84 99 95 95 106 82 107 108 89 89 102 113 77 86 109 86 99 97 82 92 96 105 97 88 96 104 119 99 102 87 99 81 95 102 99 100 108 107 101 98 110 112 90 103 118 100 109 103 105 109 96 
900 107 112 109 114 138 96 86 124 100 111 120 113 109 102 92 105 117 118 124 101 117 114 105 116 113 124 118 125 123 117 93 101 87 117 140 111 106 108 116 106 120 105 113 101 100 126 127 125 115 107 126 110 105 94 111 106 114 129 116 116 131 127 121 114 110 110 109 103 114 110 107 126 98 121 114 133 110 115 90 107 111 96 107 104 109 103 107 106 105 124 102 138 120 127 119 102 120 107 102 109 
1000 122 123 124 111 152 142 145 121 130 129 128 105 124 128 112 119 117 119 129 136 128 127 120 117 123 126 120 117 110 110 95 136 122 132 158 105 114 126 117 129 133 108 109 122 137 104 128 138 113 124 118 109 113 135 133 132 124 117 123 119 123 114 127 149 128 112 119 130 130 110 140 144 123 139 119 128 118 124 108 110 141 112 130 120 135 116 129 126 111 122 126 133 116 132 135 132 140 125 133 140 
1100 161 139 141 149 141 122 120 109 126 149 149 135 135 145 152 123 152 152 127 131 134 152 143 141 124 169 124 123 134 117 148 143 129 153 137 140 112 152 131 132 110 133 148 129 155 140 133 134 128 118 134 127 137 146 145 137 151 162 123 127 137 122 140 137 160 155 118 172 143 137 112 128 123 119 130 143 155 132 162 161 108 146 119 136 162 142 128 143 127 160 151 129 122 126 144 148 142 116 135 151 
1200 177 151 153 159 165 145 156 139 151 141 127 152 162 139 143 133 137 152 145 151 149 158 176 140 155 141 171 173 145 161 143 155 160 160 150 123 154 138 139 158 129 137 146 152 172 144 148 139 168 161 149 166 144 133 164 149 122 139 157 131 136 165 178 166 146 150 164 148 143 150 167 152 125 128 136 148 141 136 142 184 157 134 161 160 164 156 158 142 137 168 146 123 130 147 144 145 156 145 169 170 
1300 160 169 185 152 167 174 186 151 163 144 194 160 158 161 175 150 145 168 162 146 187 171 164 162 154 186 168 193 162 151 149 157 155 145 176 180 164 150 185 179 154 140 165 163 149 162 173 171 183 154 173 167 200 164 150 226 175 153 159 161 154 161 189 142 197 167 143 163 184 156 164 188 158 155 173 157 163 152 190 179 176 171 175 162 156 185 155 171 151 172 181 200 166 133 184 150 151 153 182 164 
1400 162 166 180 188 177 182 174 194 160 175 189 187 184 170 195 188 191 203 201 180 191 166 159 181 181 172 192 179 213 181 187 173 189 225 231 160 175 184 239 182 166 220 181 176 184 190 166 209 188 179 195 193 167 167 173 163 175 211 201 219 178 197 182 201 216 203 204 171 155 165 205 191 168 191 213 160 153 194 172 192 239 207 212 174 170 195 170 171 180 174 184 178 197 182 194 219 173 159 189 166 
1500 169 171 228 220 175 211 206 229 219 200 201 215 224 189 189 205 196 228 211 211 210 207 202 215 252 199 227 197 189 197 219 205 203 235 198 218 193 196 218 180 204 189 166 176 187 207 204 197 199 235 204 207 221 193 212 212 215 178 215 181 216 179 174 232 188 204 195 198 188 195 197 184 191 195 198 187 242 179 188 188 201 212 208 195 207 227 224 194 162 207 211 178 196 198 167 209 240 228 184 231 
1600 229 228 228 207 243 222 218 217 210 229 196 215 205 205 187 193 226 194 200 230 216 186 227 224 204 199 194 200 223 218 259 236 205 194 221 232 210 207 230 206 205 204 216 221 219 227 245 213 224 221 218 211 197 220 207 179 221 232 198 227 207 201 205 187 232 261 298 194 203 209 199 221 230 226 231 201 243 225 223 222 217 212 230 244 230 230 213 172 227 216 216 213 240 212 230 232 221 234 216 228 
1700 265 228 213 255 264 231 249 219 245 241 199 264 231 277 277 221 269 246 243 226 241 226 267 200 265 240 261 233 239 238 210 211 223 255 220 353 217 218 207 230 243 218 239 242 255 240 250 235 225 208 233 235 257 281 244 227 285 242 230 358 206 215 247 225 222 203 238 232 245 238 232 227 245 256 231 253 237 246 240 242 246 278 289 226 253 224 223 252 277 226 255 232 233 226 253 239 234 258 217 230 
1800 279 267 263 217 235 276 256 254 255 250 261 258 270 198 261 292 296 211 232 260 241 252 249 260 259 241 231 279 271 289 271 280 250 237 261 232 378 223 239 254 256 280 279 267 246 250 264 220 240 265 274 230 235 280 295 220 261 231 295 280 255 248 244 253 268 273 250 276 306 260 246 233 256 273 257 253 247 223 346 283 239 269 290 277 226 240 299 245 263 237 298 251 225 300 239 315 281 247 243 242 
1900 300 250 243 240 265 349 349 323 294 280 296 280 325 297 279 264 282 267 310 331 306 291 307 294 274 281 281 265 277 289 273 269 256 260 282 322 295 265 302 303 293 313 314 259 313 280 288 282 280 331 271 275 320 272 292 240 240 297 276 275 287 294 345 265 353 339 296 263 281 268 249 297 271 258 352 311 247 320 374 276 230 245 260 241 307 305 331 280 222 264 294 284 285 266 289 291 320 298 246 310 
2000 303 324 368 302 342 357 360 320 297 339 260 277 308 301 328 293 317 310 289 325 314 353 329 279 322 296 309 313 349 322 319 308 261 312 280 318 281 293 286 270 350 341 360 279 265 283 325 342 359 345 424 329 333 281 292 327 305 300 292 345 327 343 310 282 338 305 344 310 318 303 426 345 299 287 270 379 268 295 354 286 363 353 350 320 290 293 263 313 306 366 298 308 318 323 256 279 291 322 285 302 
2100 318 329 316 334 310 304 329 381 354 350 356 330 313 315 303 452 351 382 286 370 383 321 297 331 313 360 322 361 328 326 364 301 309 402 375 311 325 396 358 297 349 416 376 335 369 376 324 292 326 309 364 284 299 309 349 316 380 307 292 354 336 337 321 395 337 378 456 303 401 323 381 335 310 424 307 361 404 288 331 315 357 354 348 411 351 332 426 286 387 322 380 390 327 366 388 367 343 370 379 345 
2200 350 393 339 302 391 429 317 411 381 390 301 298 390 267 400 382 414 379 473 430 348 424 356 395 343 330 414 407 316 383 401 352 442 346 340 404 483 389 334 439 327 363 408 368 426 446 418 351 369 311 344 368 322 384 341 414 406 410 417 309 393 423 390 327 358 379 444 355 341 386 396 350 413 479 327 425 327 350 407 379 371 395 397 509 380 379 359 453 351 313 392 537 396 359 365 326 327 403 399 402 
2300 338 340 397 377 385 422 418 382 389 429 453 448 404 484 549 420 424 377 358 381 502 421 390 357 345 451 359 370 445 422 408 380 464 454 419 420 486 369 372 392 534 450 519 433 467 434 391 340 327 314 385 381 310 425 421 504 382 385 387 396 320 564 426 383 407 424 375 380 415 405 433 363 440 457 470 429 410 405 391 380 475 430 379 419 412 492 570 419 364 452 327 387 362 437 336 473 338 417 435 394 
2400 387 426 447 415 412 535 531 425 501 538 460 532 490 434 429 564 461 495 344 440 469 582 499 480 499 552 461 469 537 439 450 367 552 558 415 572 546 612 504 480 451 502 452 478 461 631 517 411 388 438 481 424 435 446 449 469 529 473 477 476 416 529 394 541 436 614 464 516 480 433 458 447 468 487 397 392 497 613 432 558 372 527 425 402 421 466 453 506 598 352 433 620 478 583 462 424 400 386 448 452 
2500 405 475 460 501 455 501 467 575 497 680 710 514 458 515 480 490 499 429 421 498 416 562 409 522 576 475 716 620 508 410 545 565 593 589 490 503 529 454 466 517 544 532 474 420 587 418 462 487 741 495 406 419 449 423 636 585 537 551 613 480 462 510 573 509 426 439 442 463 558 462 586 452 512 561 405 576 504 486 658 618 521 531 512 479 520 582 489 539 587 459 612 479 602 490 505 405 456 431 519 531 
2600 575 601 673 462 521 580 642 636 442 486 504 517 896 800 626 815 593 727 782 822 711 641 597 579 805 588 647 458 558 626 685 598 602 544 625 597 563 736 517 685 524 543 575 534 619 618 636 546 450 469 717 632 596 613 460 617 552 598 701 633 497 495 467 559 556 512 529 577 494 559 532 624 617 549 657 616 599 556 622 467 730 545 597 599 685 663 774 694 559 513 669 649 774 652 643 453 597 612 582 643 
2700 754 608 644 528 519 692 823 915 732 600 746 613 504 525 508 571 548 675 593 664 716 823 719 513 633 797 628 771 661 555 575 748 606 731 575 507 705 673 599 582 637 671 745 615 582 594 815 535 603 571 614 804 761 529 665 513 640 591 605 788 711 668 1497 1048 835 623 787 575 449 787 534 862 494 434 594 880 523 803 790 728 471 625 463 592 822 603 810 671 729 729 758 551 538 848 599 599 494 498 562 1066 
2800 810 705 658 849 615 590 569 749 929 765 913 801 748 1138 601 753 691 642 670 739 680 709 812 739 863 803 961 802 613 703 855 1097 685 741 860 883 583 1006 681 893 810 873 711 595 708 597 640 721 945 702 843 709 1170 614 960 812 518 806 876 517 796 615 687 728 669 635 650 640 715 921 977 807 692 801 914 945 790 677 919 611 655 1258 598 1105 824 570 641 1005 920 873 633 870 755 821 674 652 608 965 781 691 
2900 1025 793 848 1223 1000 639 1034 808 715 1089 760 905 766 709 838 843 890 739 691 975 1067 800 835 848 937 847 995 780 949 675 865 1331 1041 1215 849 720 887 665 706 709 837 962 1015 1258 841 762 853 778 677 1038 1000 986 865 824 834 1138 566 983 819 593 931 875 872 1180 719 1271 960 1027 1078 1114 1123 852 829 631 932 1140 779 1402 939 1045 675 838 762 1153 973 1019 1014 973 927 999 742 801 749 1021 1337 647 1223 1210 699 740 
3000 1943 1062 1394 622 799 888 1153 1011 801 938 973 1231 863 747 1489 790 730 1163 1015 1145 1229 880 1083 739 938 893 830 1218 1027 1256 1277 1075 1057 1692 1714 792 1538 1099 692 1121 684 848 1033 1085 1240 1126 1013 1152 1030 1003 920 1434 1184 2326 1131 1493 865 733 1067 904 1547 1179 868 921 964 1059 843 786 1279 1123 1049 1176 1368 894 773 928 1157 1580 1110 1075 1570 966 668 2078 1372 955 1329 1213 887 1158 1138 1123 777 1036 1036 1344 1351 1076 829 1274 
3100 959 720 959 994 1111 1317 1310 1402 1216 1421 1514 838 1338 1018 1673 1798 1037 1593 746 2277 1230 1115 991 969 1069 1479 880 1048 941 1112 1081 1645 964 936 1853 1199 1114 1242 1779 1185 1937 866 1247 1146 926 718 1220 1186 1197 1181 1086 1161 1295 1302 1567 1152 1278 1167 1001 1543 1129 1543 1084 1174 1844 1419 1727 2233 1176 1526 1097 1014 1496 1760 916 1500 1182 1067 2673 958 879 2455 1027 2065 2576 1086 1677 1104 1104 1380 1097 1300 1090 1289 1591 1087 1543 1156 1335 2069 
3200 1281 1311 1430 1426 883 1911 1638 1708 1234 1755 1470 1854 1300 1534 1396 2247 3227 1438 1665 1278 1408 2198 1523 732 1209 2982 3285 1670 1742 977 1419 2426 1236 1142 2567 1505 1335 1536 1270 1112 1300 2225 1479 1761 2082 1841 1374 1702 1433 1013 1625 2364 1270 1583 1958 1603 1822 1277 1989 1524 1577 1557 1027 1112 1378 1010 1100 1853 1754 1302 951 1258 1806 1056 1470 1200 1223 1546 1238 1794 1414 1633 990 1829 1659 1540 1394 1335 1221 1210 2505 2586 1609 1571 1880 1477 1683 1269 1274 1835 
3300 1923 2265 1524 1947 1764 734 1340 2894 1987 1709 1632 1831 1314 1645 1983 1602 1895 1119 3012 2625 3112 1404 1641 2011 1824 1676 2411 1598 1819 2306 1847 1783 2495 1938 1992 1731 4146 1157 1835 1883 1819 1194 1671 2658 1654 2086 1959 2567 3104 2722 1979 6097 1441 1643 1292 1649 1756 1796 1968 1859 1693 3884 1167 1755 2223 1517 1234 2617 2702 2666 1118 2144 2349 1571 1155 1842 1617 2080 1438 1449 1288 1386 2414 1578 1752 1186 2132 1472 1722 1993 2213 2863 1128 2072 2274 1518 2632 2425 1741 2420 
3400 2839 1974 3699 2556 1792 3921 2446 1498 2564 1734 2335 1821 2722 6111 1967 3319 1983 2106 4142 1927 2752 3062 4629 3360 2256 2105 1731 4455 1683 1871 4451 3349 2599 3007 4456 2428 2143 1477 1407 1720 2295 2854 1908 1721 1998 2778 2991 2157 3991 1780 1887 1770 1713 1520 2113 2321 4667 2390 2195 6618 3516 2729 2664 3361 1565 2243 2470 1914 1870 2531 1556 2381 3659 2970 2317 1562 1716 2345 3294 2008 4277 1278 1526 3631 3902 2616 2415 2267 2009 1494 1798 1941 1416 2288 2256 1990 1387 2704 1807 2151 
3500 3759 2402 4931 3052 1251 2930 5998 1733 1769 5863 3382 2078 3145 3908 2633 1715 5078 7068 7615 7050 3271 3884 1897 3402 2362 3517 3942 2260 2095 2864 4723 3031 3840 2612 2469 3439 3376 2978 3825 6683 2328 5526 2649 2562 1755 2775 1237 1347 2492 9250 2166 4074 5557 1608 3480 3696 9026 2191 3248 1393 4316 3108 3378 3822 4198 4857 4480 3672 2531 4088 2977 6404 2055 1696 3098 2418 2974 3088 2470 3035 2822 2888 2543 2700 1481 3680 2174 2571 3586 2279 2466 4959 2898 2261 4558 3789 1904 2872 3250 3575 
3600 2787 2815 1997 4654 5088 2488 5162 8709 3435 4110 4989 5859 3164 3103 5324 3462 4014 5042 4081 9559 2219 10447 3533 7122 5306 3449 4437 8591 7180 2032 2607 6203 3982 10469 3156 3152 2487 14861 2919 5490 2956 3686 5159 11904 9420 4966 4160 5735 6237 6801 4102 2950 2546 7610 3025 4380 1824 4100 7030 4079 7831 2231 10592 5930 2820 7794 9680 2758 9236 7534 4658 3673 6776 4519 6003 2595 5137 7418 8588 6440 2548 2865 4266 4090 6905 10654 4939 1770 5925 5785 13925 4176 7654 6537 3520 4953 4533 5452 4098 5583 
3700 2292 5438 3352 10090 8207 5466 28493 5538 2895 7591 3799 4350 5823 3764 3453 4153 6125 11210 7490 3847 5088 3164 3438 5372 10912 24235 3830 3829 6972 5529 10179 6075 5625 8303 3168 3988 9996 4120 8785 3014 3607 5588 8836 6246 5081 3138 7593 4759 6239 6216 9528 3529 6457 2979 7792 4658 6136 2610 3145 4248 2060 4667 5481 4725 11991 6855 6706 5622 2395 3928 4330 2958 14691 12957 11374 10812 9176 3093 8170 5447 6001 2923 6302 2810 16528 14538 5896 8950 4937 10423 3664 3175 8687 6405 8942 3114 8036 9152 3051 14427 
3800 5951 16955 22285 6889 11311 9528 12478 9447 12478 18069 10392 49502 17129 16638 6818 17447 4261 3079 3808 12743 26635 11685 2590 5706 6262 11715 25377 7350 8820 36853 4032 5702 8944 8953 3725 31564 14063 8331 4112 15750 10610 11722 17358 3981 30438 6070 46919 7965 7827 11114 27741 9019 21265 4992 9754 5480 13234 5703 16321 12495 18385 16375 6260 23455 11335 7135 14976 10851 7340 23009 7246 6047 10343 5596 11653 9532 8309 4491 4571 31768 12185 5463 10355 12194 5836 9778 6539 4413 4441 14874 6400 17081 8829 11606 7756 19263 7477 18762 13162 4058 
3900 37818 7708 100000 13954 9470 54252 20699 10012 32663 11236 10611 42092 5395 7087 9707 14618 19945 28643 16864 21093 19759 37144 17845 7479 40996 65026 100000 26470 21931 20341 10626 18638 17568 57467 22646 10651 8382 16908 12747 45609 18255 17568 43450 12164 21512 73703 6935 9326 19535 93633 7914 53522 13812 5282 5841 8941 16207 15590 28431 41973 11060 28255 10544 39395 22549 34675 9081 16985 36292 100000 57879 6900 17638 6701 64655 67588 20401 23115 51922 20130 15742 40585 41833 17704 42200 21615 38808 14202 19593 19226 3778 4606 22306 76616 7399 11967 9565 8648 21108 9997 
4000 91162 21700 100000 6242 100000 100000 71711 15368 100000 100000 40077 33462 100000 100000 13181 18001 20640 67098 39486 42879 41666 15861 30007 9934 58443 67418 100000 17960 58909 43456 25859 23882 25414 18505 96385 7054 100000 20655 100000 24841 8833 15143 100000 100000 100000 55282 6279 100000 100000 49557 24912 25432 33052 24575 100000 100000 33180 47494 29879 32051 100000 100000 28272 100000 63330 100000 100000 100000 56043 22803 100000 43227 23422 20923 27616 100000 100000 84501 34013 100000 55614 100000 94778 100000 16767 67235 100000 100000 36074 14614 33696 21887 35288 32222 100000 34652 15697 33781 100000 25571 
4100 100000 100000 28649 100000 100000 100000 25382 100000 64458 81857 100000 100000 25210 100000 100000 100000 100000 40110 100000 100000 100000 100000 100000 100000 100000 100000 38768 30883 100000 100000 100000 100000 19460 100000 100000 100000 100000 100000 100000 28168 100000 71757 100000 100000 100000 100000 100000 100000 100000 100000 100000 100000 100000 100000 100000 100000 100000 18095 100000 100000 100000 100000 100000 100000 100000 100000 71837 100000 64199 100000 100000 100000 100000 35089 100000 100000 100000 100000 100000 100000 70115 100000 80176 100000 100000 82077 100000 100000 100000 100000 100000 100000 100000 22442 30859 100000 94653 100000 36773 100000 
4200 100000 100000 100000 100000 100000 35616 100000 100000 100000 100000 100000 100000 100000 100000 100000 100000 100000 100000 100000 100000 100000 100000 100000 100000 100000 100000 100000 100000 100000 100000 100000 100000 100000 100000 100000 100000 100000 100000 100000 100000 55950 100000 100000 100000 100000 100000 100000 100000 100000 100000 100000 100000 100000 100000 100000 64140 100000 100000 100000 100000 100000 100000 100000 100000 100000 100000 100000 84914 100000 100000 100000 100000 100000 100000 100000 100000 100000 100000 100000 100000 100000 100000 100000 100000 100000 100000 100000 100000 83915 100000 100000 100000 100000 100000 100000 100000 100000 100000 100000 100000 
4300 100000 100000 100000 100000 100000 100000 100000 100000 100000 100000 100000 100000 100000 100000 100000 100000 100000 100000 100000 100000 100000 100000 100000 100000 100000 100000 100000 100000 100000 100000 100000 100000 100000 100000 100000 100000 100000 100000 100000 100000 100000 100000 100000 100000 100000 100000 100000 100000 100000 100000 100000 100000 100000 100000 100000 100000 100000 100000 100000 100000 100000 100000 100000 100000 100000 100000 100000 100000 100000 100000 100000 100000 100000 100000 100000 100000 100000 100000 100000 100000 100000 100000 100000 100000 100000 100000 100000 100000 100000 100000 100000 100000 100000 100000 100000 100000 100000 100000 100000 100000 
4400 100000 100000 100000 100000 100000 100000 100000 100000 100000 100000 100000 100000 100000 100000 100000 100000 100000 100000 100000 100000 100000 100000 100000 100000 100000 100000 100000 100000 100000 100000 100000 100000 100000 100000 100000 100000 100000 100000 100000 100000 100000 100000 100000 100000 100000 100000 100000 100000 100000 100000 100000 100000 100000 100000 100000 100000 100000 100000 100000 100000 100000 100000 100000 100000 100000 100000 100000 100000 100000 100000 100000 100000 100000 100000 100000 100000 100000 100000 100000 100000 100000 100000 100000 100000 100000 100000 100000 100000 100000 100000 100000 100000 100000 100000 100000 100000 100000 100000 100000 100000 
4500 100000 100000 100000 100000 100000 100000 100000 100000 100000 100000 100000 100000 100000 100000 100000 100000 100000 100000 100000 100000 100000 100000 100000 100000 100000 100000 100000 100000 100000 100000 100000 100000 100000 100000 100000 100000 100000 100000 100000 100000 100000 100000 100000 100000 100000 100000 100000 100000 100000 100000 100000 100000 100000 100000 100000 100000 100000 100000 100000 100000 100000 100000 100000 100000 100000 100000 100000 100000 100000 100000 100000 100000 100000 100000 100000 100000 100000 100000 100000 100000 100000 100000 100000 100000 100000 100000 100000 100000 100000 100000 100000 100000 100000 100000 100000 100000 100000 100000 100000 100000 
4600 100000 100000 100000 100000 100000 100000 100000 100000 100000 100000 100000 100000 100000 100000 100000 100000 100000 100000 100000 100000 100000 100000 100000 100000 100000 100000 100000 100000 100000 100000 100000 100000 100000 100000 100000 100000 100000 100000 100000 100000 100000 100000 100000 100000 100000 100000 100000 100000 100000 100000 100000 100000 100000 100000 100000 100000 100000 100000 100000 100000 100000 100000 100000 100000 100000 100000 100000 100000 100000 100000 100000 100000 100000 100000 100000 100000 100000 100000 100000 100000 100000 100000 100000 100000 100000 100000 100000 100000 100000 100000 100000 100000 100000 100000 100000 100000 100000 100000 100000 100000 
4700 100000 100000 100000 100000 100000 100000 100000 100000 100000 100000 100000 100000 100000 100000 100000 100000 100000 100000 100000 100000 100000 100000 100000 100000 100000 100000 100000 100000 100000 100000 100000 100000 100000 100000 100000 100000 100000 100000 100000 100000 100000 100000 100000 100000 100000 100000 100000 100000 100000 100000 100000 100000 100000 100000 100000 100000 100000 100000 100000 100000 100000 100000 100000 100000 100000 100000 100000 100000 100000 100000 100000 100000 100000 100000 100000 100000 100000 100000 100000 100000 100000 100000 100000 100000 100000 100000 100000 100000 100000 100000 100000 100000 100000 100000 100000 100000 100000 100000 100000 100000 
4800 100000 100000 100000 100000 100000 100000 100000 100000 100000 100000 100000 100000 100000 100000 100000 100000 100000 100000 100000 100000 100000 100000 100000 100000 100000 100000 100000 100000 100000 100000 100000 100000 100000 100000 100000 100000 100000 100000 100000 100000 100000 100000 100000 100000 100000 100000 100000 100000 100000 100000 100000 100000 100000 100000 100000 100000 100000 100000 100000 100000 100000 100000 100000 100000 100000 100000 100000 100000 100000 100000 100000 100000 100000 100000 100000 100000 100000 100000 100000 100000 100000 100000 100000 100000 100000 100000 100000 100000 100000 100000 100000 100000 100000 100000 100000 100000 100000 100000 100000 100000 
4900 100000 100000 100000 100000 100000 100000 100000 100000 100000 100000 100000 100000 100000 100000 100000 100000 100000 100000 100000 100000 100000 100000 100000 100000 100000 100000 100000 100000 100000 100000 100000 100000 100000 100000 100000 100000 100000 100000 100000 100000 100000 100000 100000 100000 100000 100000 100000 100000 100000 100000 100000 100000 100000 100000 100000 100000 100000 100000 100000 100000 100000 100000 100000 100000 100000 100000 100000 100000 100000 100000 100000 100000 100000 100000 100000 100000 100000 100000 100000 100000 100000 100000 100000 100000 100000 100000 100000 100000 100000 100000 100000 100000 100000 100000 100000 100000 100000 100000 100000 100000 
5000 100000 100000 100000 100000 100000 100000 100000 100000 100000 100000 100000 100000 100000 100000 100000 100000 100000 100000 100000 100000 100000 100000 100000 100000 100000 100000 100000 100000 100000 100000 100000 100000 100000 100000 100000 100000 100000 100000 100000 100000 100000 100000 100000 100000 100000 100000 100000 100000 100000 100000 100000 100000 100000 100000 100000 100000 100000 100000 100000 100000 100000 100000 100000 100000 100000 100000 100000 100000 100000 100000 100000 100000 100000 100000 100000 100000 100000 100000 100000 100000 100000 100000 100000 100000 100000 100000 100000 100000 100000 100000 100000 100000 100000 100000 100000 100000 100000 100000 100000 100000 
